ch00 0 0 8 8
ch01 8 0 8 8
ch02 16 0 8 8
ch03 24 0 8 8
ch04 32 0 8 8
ch05 40 0 8 8
ch06 48 0 8 8
ch07 56 0 8 8
ch08 64 0 8 8
ch09 72 0 8 8
ch0a 80 0 8 8
ch0b 88 0 8 8
ch0c 96 0 8 8
ch0d 104 0 8 8
ch0e 112 0 8 8
ch0f 120 0 8 8
ch10 0 8 8 8
ch11 8 8 8 8
ch12 16 8 8 8
ch13 24 8 8 8
ch14 32 8 8 8
ch15 40 8 8 8
ch16 48 8 8 8
ch17 56 8 8 8
ch18 64 8 8 8
ch19 72 8 8 8
ch1a 80 8 8 8
ch1b 88 8 8 8
ch1c 96 8 8 8
ch1d 104 8 8 8
ch1e 112 8 8 8
ch1f 120 8 8 8
ch20 0 16 8 8
ch21 8 16 8 8
ch22 16 16 8 8
ch23 24 16 8 8
ch24 32 16 8 8
ch25 40 16 8 8
ch26 48 16 8 8
ch27 56 16 8 8
ch28 64 16 8 8
ch29 72 16 8 8
ch2a 80 16 8 8
ch2b 88 16 8 8
ch2c 96 16 8 8
ch2d 104 16 8 8
ch2e 112 16 8 8
ch2f 120 16 8 8
ch30 0 24 8 8
ch31 8 24 8 8
ch32 16 24 8 8
ch33 24 24 8 8
ch34 32 24 8 8
ch35 40 24 8 8
ch36 48 24 8 8
ch37 56 24 8 8
ch38 64 24 8 8
ch39 72 24 8 8
ch3a 80 24 8 8
ch3b 88 24 8 8
ch3c 96 24 8 8
ch3d 104 24 8 8
ch3e 112 24 8 8
ch3f 120 24 8 8
ch40 0 32 8 8
ch41 8 32 8 8
ch42 16 32 8 8
ch43 24 32 8 8
ch44 32 32 8 8
ch45 40 32 8 8
ch46 48 32 8 8
ch47 56 32 8 8
ch48 64 32 8 8
ch49 72 32 8 8
ch4a 80 32 8 8
ch4b 88 32 8 8
ch4c 96 32 8 8
ch4d 104 32 8 8
ch4e 112 32 8 8
ch4f 120 32 8 8
ch50 0 40 8 8
ch51 8 40 8 8
ch52 16 40 8 8
ch53 24 40 8 8
ch54 32 40 8 8
ch55 40 40 8 8
ch56 48 40 8 8
ch57 56 40 8 8
ch58 64 40 8 8
ch59 72 40 8 8
ch5a 80 40 8 8
ch5b 88 40 8 8
ch5c 96 40 8 8
ch5d 104 40 8 8
ch5e 112 40 8 8
ch5f 120 40 8 8
ch60 0 48 8 8
ch61 8 48 8 8
ch62 16 48 8 8
ch63 24 48 8 8
ch64 32 48 8 8
ch65 40 48 8 8
ch66 48 48 8 8
ch67 56 48 8 8
ch68 64 48 8 8
ch69 72 48 8 8
ch6a 80 48 8 8
ch6b 88 48 8 8
ch6c 96 48 8 8
ch6d 104 48 8 8
ch6e 112 48 8 8
ch6f 120 48 8 8
ch70 0 56 8 8
ch71 8 56 8 8
ch72 16 56 8 8
ch73 24 56 8 8
ch74 32 56 8 8
ch75 40 56 8 8
ch76 48 56 8 8
ch77 56 56 8 8
ch78 64 56 8 8
ch79 72 56 8 8
ch7a 80 56 8 8
ch7b 88 56 8 8
ch7c 96 56 8 8
ch7d 104 56 8 8
ch7e 112 56 8 8
ch7f 120 56 8 8
ch80 0 64 8 8
ch81 8 64 8 8
ch82 16 64 8 8
ch83 24 64 8 8
ch84 32 64 8 8
ch85 40 64 8 8
ch86 48 64 8 8
ch87 56 64 8 8
ch88 64 64 8 8
ch89 72 64 8 8
ch8a 80 64 8 8
ch8b 88 64 8 8
ch8c 96 64 8 8
ch8d 104 64 8 8
ch8e 112 64 8 8
ch8f 120 64 8 8
ch90 0 72 8 8
ch91 8 72 8 8
ch92 16 72 8 8
ch93 24 72 8 8
ch94 32 72 8 8
ch95 40 72 8 8
ch96 48 72 8 8
ch97 56 72 8 8
ch98 64 72 8 8
ch99 72 72 8 8
ch9a 80 72 8 8
ch9b 88 72 8 8
ch9c 96 72 8 8
ch9d 104 72 8 8
ch9e 112 72 8 8
ch9f 120 72 8 8
cha0 0 80 8 8
cha1 8 80 8 8
cha2 16 80 8 8
cha3 24 80 8 8
cha4 32 80 8 8
cha5 40 80 8 8
cha6 48 80 8 8
cha7 56 80 8 8
cha8 64 80 8 8
cha9 72 80 8 8
chaa 80 80 8 8
chab 88 80 8 8
chac 96 80 8 8
chad 104 80 8 8
chae 112 80 8 8
chaf 120 80 8 8
chb0 0 88 8 8
chb1 8 88 8 8
chb2 16 88 8 8
chb3 24 88 8 8
chb4 32 88 8 8
chb5 40 88 8 8
chb6 48 88 8 8
chb7 56 88 8 8
chb8 64 88 8 8
chb9 72 88 8 8
chba 80 88 8 8
chbb 88 88 8 8
chbc 96 88 8 8
chbd 104 88 8 8
chbe 112 88 8 8
chbf 120 88 8 8
chc0 0 96 8 8
chc1 8 96 8 8
chc2 16 96 8 8
chc3 24 96 8 8
chc4 32 96 8 8
chc5 40 96 8 8
chc6 48 96 8 8
chc7 56 96 8 8
chc8 64 96 8 8
chc9 72 96 8 8
chca 80 96 8 8
chcb 88 96 8 8
chcc 96 96 8 8
chcd 104 96 8 8
chce 112 96 8 8
chcf 120 96 8 8
chd0 0 104 8 8
chd1 8 104 8 8
chd2 16 104 8 8
chd3 24 104 8 8
chd4 32 104 8 8
chd5 40 104 8 8
chd6 48 104 8 8
chd7 56 104 8 8
chd8 64 104 8 8
chd9 72 104 8 8
chda 80 104 8 8
chdb 88 104 8 8
chdc 96 104 8 8
chdd 104 104 8 8
chde 112 104 8 8
chdf 120 104 8 8
che0 0 112 8 8
che1 8 112 8 8
che2 16 112 8 8
che3 24 112 8 8
che4 32 112 8 8
che5 40 112 8 8
che6 48 112 8 8
che7 56 112 8 8
che8 64 112 8 8
che9 72 112 8 8
chea 80 112 8 8
cheb 88 112 8 8
chec 96 112 8 8
ched 104 112 8 8
chee 112 112 8 8
chef 120 112 8 8
chf0 0 120 8 8
chf1 8 120 8 8
chf2 16 120 8 8
chf3 24 120 8 8
chf4 32 120 8 8
chf5 40 120 8 8
chf6 48 120 8 8
chf7 56 120 8 8
chf8 64 120 8 8
chf9 72 120 8 8
chfa 80 120 8 8
chfb 88 120 8 8
chfc 96 120 8 8
chfd 104 120 8 8
chfe 112 120 8 8
chff 120 120 8 8
