ic00 0 0 8 8
ic01 8 0 8 8
ic02 16 0 8 8
ic03 24 0 8 8
ic04 32 0 8 8
ic05 40 0 8 8
ic06 48 0 8 8
ic07 56 0 8 8
ic08 64 0 8 8
ic09 72 0 8 8
ic0a 80 0 8 8
ic0b 88 0 8 8
ic0c 96 0 8 8
ic0d 104 0 8 8
ic0e 112 0 8 8
ic0f 120 0 8 8
ic10 0 8 8 8
ic11 8 8 8 8
ic12 16 8 8 8
ic13 24 8 8 8
ic14 32 8 8 8
ic15 40 8 8 8
ic16 48 8 8 8
ic17 56 8 8 8
ic18 64 8 8 8
ic19 72 8 8 8
ic1a 80 8 8 8
ic1b 88 8 8 8
ic1c 96 8 8 8
ic1d 104 8 8 8
ic1e 112 8 8 8
ic1f 120 8 8 8
ic20 0 16 8 8
ic21 8 16 8 8
ic22 16 16 8 8
ic23 24 16 8 8
ic24 32 16 8 8
ic25 40 16 8 8
ic26 48 16 8 8
ic27 56 16 8 8
ic28 64 16 8 8
ic29 72 16 8 8
ic2a 80 16 8 8
ic2b 88 16 8 8
ic2c 96 16 8 8
ic2d 104 16 8 8
ic2e 112 16 8 8
ic2f 120 16 8 8
ic30 0 24 8 8
ic31 8 24 8 8
ic32 16 24 8 8
ic33 24 24 8 8
ic34 32 24 8 8
ic35 40 24 8 8
ic36 48 24 8 8
ic37 56 24 8 8
ic38 64 24 8 8
ic39 72 24 8 8
ic3a 80 24 8 8
ic3b 88 24 8 8
ic3c 96 24 8 8
ic3d 104 24 8 8
ic3e 112 24 8 8
ic3f 120 24 8 8
ic40 0 32 8 8
ic41 8 32 8 8
ic42 16 32 8 8
ic43 24 32 8 8
ic44 32 32 8 8
ic45 40 32 8 8
ic46 48 32 8 8
ic47 56 32 8 8
ic48 64 32 8 8
ic49 72 32 8 8
ic4a 80 32 8 8
ic4b 88 32 8 8
ic4c 96 32 8 8
ic4d 104 32 8 8
ic4e 112 32 8 8
ic4f 120 32 8 8
ic50 0 40 8 8
ic51 8 40 8 8
ic52 16 40 8 8
ic53 24 40 8 8
ic54 32 40 8 8
ic55 40 40 8 8
ic56 48 40 8 8
ic57 56 40 8 8
ic58 64 40 8 8
ic59 72 40 8 8
ic5a 80 40 8 8
ic5b 88 40 8 8
ic5c 96 40 8 8
ic5d 104 40 8 8
ic5e 112 40 8 8
ic5f 120 40 8 8
ic60 0 48 8 8
ic61 8 48 8 8
ic62 16 48 8 8
ic63 24 48 8 8
ic64 32 48 8 8
ic65 40 48 8 8
ic66 48 48 8 8
ic67 56 48 8 8
ic68 64 48 8 8
ic69 72 48 8 8
ic6a 80 48 8 8
ic6b 88 48 8 8
ic6c 96 48 8 8
ic6d 104 48 8 8
ic6e 112 48 8 8
ic6f 120 48 8 8
ic70 0 56 8 8
ic71 8 56 8 8
ic72 16 56 8 8
ic73 24 56 8 8
ic74 32 56 8 8
ic75 40 56 8 8
ic76 48 56 8 8
ic77 56 56 8 8
ic78 64 56 8 8
ic79 72 56 8 8
ic7a 80 56 8 8
ic7b 88 56 8 8
ic7c 96 56 8 8
ic7d 104 56 8 8
ic7e 112 56 8 8
ic7f 120 56 8 8
ic80 0 64 8 8
ic81 8 64 8 8
ic82 16 64 8 8
ic83 24 64 8 8
ic84 32 64 8 8
ic85 40 64 8 8
ic86 48 64 8 8
ic87 56 64 8 8
ic88 64 64 8 8
ic89 72 64 8 8
ic8a 80 64 8 8
ic8b 88 64 8 8
ic8c 96 64 8 8
ic8d 104 64 8 8
ic8e 112 64 8 8
ic8f 120 64 8 8
ic90 0 72 8 8
ic91 8 72 8 8
ic92 16 72 8 8
ic93 24 72 8 8
ic94 32 72 8 8
ic95 40 72 8 8
ic96 48 72 8 8
ic97 56 72 8 8
ic98 64 72 8 8
ic99 72 72 8 8
ic9a 80 72 8 8
ic9b 88 72 8 8
ic9c 96 72 8 8
ic9d 104 72 8 8
ic9e 112 72 8 8
ic9f 120 72 8 8
ica0 0 80 8 8
ica1 8 80 8 8
ica2 16 80 8 8
ica3 24 80 8 8
ica4 32 80 8 8
ica5 40 80 8 8
ica6 48 80 8 8
ica7 56 80 8 8
ica8 64 80 8 8
ica9 72 80 8 8
icaa 80 80 8 8
icab 88 80 8 8
icac 96 80 8 8
icad 104 80 8 8
icae 112 80 8 8
icaf 120 80 8 8
icb0 0 88 8 8
icb1 8 88 8 8
icb2 16 88 8 8
icb3 24 88 8 8
icb4 32 88 8 8
icb5 40 88 8 8
icb6 48 88 8 8
icb7 56 88 8 8
icb8 64 88 8 8
icb9 72 88 8 8
icba 80 88 8 8
icbb 88 88 8 8
icbc 96 88 8 8
icbd 104 88 8 8
icbe 112 88 8 8
icbf 120 88 8 8
icc0 0 96 8 8
icc1 8 96 8 8
icc2 16 96 8 8
icc3 24 96 8 8
icc4 32 96 8 8
icc5 40 96 8 8
icc6 48 96 8 8
icc7 56 96 8 8
icc8 64 96 8 8
icc9 72 96 8 8
icca 80 96 8 8
iccb 88 96 8 8
iccc 96 96 8 8
iccd 104 96 8 8
icce 112 96 8 8
iccf 120 96 8 8
icd0 0 104 8 8
icd1 8 104 8 8
icd2 16 104 8 8
icd3 24 104 8 8
icd4 32 104 8 8
icd5 40 104 8 8
icd6 48 104 8 8
icd7 56 104 8 8
icd8 64 104 8 8
icd9 72 104 8 8
icda 80 104 8 8
icdb 88 104 8 8
icdc 96 104 8 8
icdd 104 104 8 8
icde 112 104 8 8
icdf 120 104 8 8
ice0 0 112 8 8
ice1 8 112 8 8
ice2 16 112 8 8
ice3 24 112 8 8
ice4 32 112 8 8
ice5 40 112 8 8
ice6 48 112 8 8
ice7 56 112 8 8
ice8 64 112 8 8
ice9 72 112 8 8
icea 80 112 8 8
iceb 88 112 8 8
icec 96 112 8 8
iced 104 112 8 8
icee 112 112 8 8
icef 120 112 8 8
icf0 0 120 8 8
icf1 8 120 8 8
icf2 16 120 8 8
icf3 24 120 8 8
icf4 32 120 8 8
icf5 40 120 8 8
icf6 48 120 8 8
icf7 56 120 8 8
icf8 64 120 8 8
icf9 72 120 8 8
icfa 80 120 8 8
icfb 88 120 8 8
icfc 96 120 8 8
icfd 104 120 8 8
icfe 112 120 8 8
icff 120 120 8 8
